"","gene","PC1","PC2","PC3","PC4","PC5","PC6","PC7","PC8","PC9","PC10","PC11","PC12","PC13","PC14","PC15","PC16","PC17","PC18","PC19","PC20","PC21","PC22","PC23","PC24","PC25","PC26","PC27","PC28","PC29","PC30","PC31","PC32","PC33","PC34","PC35","PC36","PC37","PC38","PC39","PC40","PC41","PC42","PC43"
"1","MTRNR2L12",-0.0103971061908909,0.0187895201408411,0.0170390663751117,-0.0480620729394509,-0.022123233477073,0.106679964695986,-0.0375922936082226,0.031403032572035,-0.0207028931622355,0.0099423988901619,-0.0126609418010621,-0.048992652498849,0.040170219035502,-0.0120992994949138,-0.0288718289856615,0.0151346291814804,0.00909822946075335,0.108131295627358,-0.0177090971583162,-0.0310942011151483,-0.010690284023052,-0.060089133496073,0.045144822891486,0.0375194447477855,0.0286940614849453,0.0449749882085553,-0.0181101420971509,-0.0407955703565779,-0.0127469529354049,-0.00452551329728332,-0.0536223965297783,0.132750722464336,0.0462757000533394,0.00962014676277317,-0.178547166443214,-0.0424087212473734,-0.0192553732773013,-0.0319762875271292,-0.0304067091282617,0.00133264541615404,0.033528022886678,-0.0649179114396456,0.942041941346995
"2","CXCL10",0.213305733043656,0.0468515929223507,0.470379960068609,-0.0840221101400146,0.140217357674209,-0.0659447678547105,-0.119721777334625,-0.234168051067524,-0.041726237287544,0.00406413969250197,0.054273205048496,0.0479665908456569,0.102158586519485,0.226793107655707,0.202649475178631,0.0112256475243668,0.109229490138077,-0.317566171438396,-0.130070498342436,0.0676352678848935,0.294089264904593,0.249612721017731,-0.211366686713786,-0.00165032293739982,0.250980011902283,0.1045594655597,-0.118186343152437,0.0179723927683045,-0.033236387346822,-0.0110141287734209,0.18480045733888,-0.150591430139765,0.0149621484177485,0.113412578093933,-0.0969579541712494,0.0110182993944495,0.0765192344750227,-0.0193025946280468,0.0672716570950787,0.0813778672755387,0.0290915477096021,0.0187734961945597,0.0744602661025472
"3","GBP5",0.192877369497728,0.0334109978527812,-0.117850863092569,-0.135719027112934,0.374927757227089,0.0378352411355522,0.138464895006978,0.104009431595183,-0.0517086026071888,-0.212882440228092,-0.073470215587749,-0.101273621522893,0.0782599203993499,-0.0818840080628029,0.108675755087511,-0.112154606389862,-0.2118424700031,0.106246615462176,-0.385474496542985,-0.0726656481417068,-0.33843073877092,0.242347424111411,-0.0340957437331284,0.176704160032166,0.133047529977633,-0.0627134377395246,-0.0875955787044603,0.247073334264099,-0.00192877832953754,-0.0723000861564878,0.0517485857004065,-0.10158721644012,-0.0716831811316503,-0.133661511632053,0.120704470683493,0.180235437296616,0.0626150319785537,0.174630643237499,-0.145976049590494,-0.0171286629314164,-0.059210618590621,-0.0139026734611533,0.0496593659363845
"4","IFIT3",0.226756712891756,0.103051167906376,0.00988377449660139,-0.101827743827635,-0.0877471705000891,0.0391517214477931,-0.0483872469236968,0.226924091162332,-0.0695554959627481,-0.00802852232855668,-0.0951022956028066,-0.175366670600468,-0.070515685549405,0.0989299496636903,-0.0702179667629965,-0.147143853248541,0.0226294465094032,-0.155519329203794,-0.167313225813048,0.019019071153246,-0.170664601462747,-0.112961329340438,0.183024457047872,0.0209230188710649,-0.192752093358601,0.156596576673976,-0.145106491019048,-0.0234119037029207,-0.270187367915939,-0.0759311737645644,0.18394927031527,-0.128209414070412,-0.166918831703312,0.0354924100285885,0.117552446391566,-0.264159999326355,-0.093779754158044,-0.424503341663097,0.083237006816793,-0.011359197524462,0.357577644519614,-0.00923117753519366,-0.0215529403440167
"5","IFIT2",0.242200293401034,0.133091517629984,0.0298346870793917,-0.0995355737581597,-0.0910953351043552,0.188523781453816,0.070944950832162,-0.141176546740046,-0.00116092633098169,-0.0706380785174329,0.267755583643939,-0.148088955800271,-0.201563631480097,-0.126592349038382,-0.178695587187443,-0.195085914188537,-0.0431775649151625,-0.137708329681031,-0.132335830922206,-0.0147269524363297,0.0622867556493341,-0.276694896681703,-0.076274032454615,-0.23471575078542,0.140903708289595,-0.0461966301906996,-0.100496896052625,0.129311369825682,-0.115444846803323,0.0665346014628455,5.70055595233709e-06,0.273669071563028,0.0401798716833652,-0.184567695778745,-0.0316100867860309,0.0332040010065797,0.0411721744493551,0.106727728388763,0.330547664850405,-0.257986354735152,-0.20498279841026,-0.164032672742363,-0.0423166405798999
"6","MX2",0.195944695804462,0.0479668682171751,-0.133119193569379,0.0154593972826463,-0.0372939831422016,-0.166002187339918,-0.101188480864449,-0.0235411999683227,0.0782905852347082,0.0433230755642987,-0.339598568636089,-0.0804463123749688,-0.0802774373455041,0.0925501596047342,0.12027608090571,-0.066286948258353,-0.00997498257218615,-0.149522489451998,0.174439910234463,0.10397078670233,-0.0272584140886063,-0.0224364104241598,-0.144830944197586,-0.0574444927090335,-0.26170181304986,-0.0743083640280067,-0.140952467410749,0.148617956477675,-0.0152575762202951,-0.0956835949825454,0.174947849410328,0.0312831911155232,0.233707926547324,0.143399330768935,-0.144534187419656,0.143435102795121,-0.318194331067634,-0.0151757554527877,-0.281603390207405,-0.219135285507861,-0.27641350020666,-0.264032248791517,0.0145004601048802
"7","CXCL9",0.162047804637283,-0.038796751764495,0.427107493109082,0.105926980135179,0.412868687516616,-0.0243998599507055,0.283365644908226,0.0462543381126971,0.0603756342657985,0.0991809660163019,-0.0320590090582209,0.0189969015408273,-0.0296449467160185,0.229850078645521,0.027164116409939,0.277455166535151,-0.018418408045797,0.261299839694464,0.0752462300376056,0.00990392760084632,-0.0448755060711337,-0.255896998515051,0.217240827852626,-0.0869753704329013,-0.198399879684154,0.101258451624488,-0.166122280646007,-0.0783461924694342,0.0106262664041701,-0.0202349827756939,-0.0521266856172861,0.0746728572331734,0.188307742608532,-0.205941274429775,0.0508982767483139,0.0335096085570984,-0.026295517657433,0.0175093595972734,0.0198335124249877,-0.0711308434328266,-0.000297194912138282,-0.0117673395919535,-0.0427728508083603
"8","EPSTI1",0.166210399833966,0.0377605788344417,-0.0246811769513112,0.0685554629950679,0.0614822279271831,0.109066549393064,-0.218337352424305,0.400605602508368,-0.158025048962868,0.120403030890902,-0.155361140126921,0.309351093042955,-0.0241996783484527,-0.0840935641324247,-0.0880557386078171,0.106056207336493,0.125253817564313,0.151015282120134,-0.028398279535794,0.268488145412788,0.199301617713533,0.0711798464774657,0.103218865877353,0.0444044794925074,0.1816689663656,-0.20216938259631,0.0606804087048267,0.0128097930575824,-0.202721527629849,0.263941971558178,0.263213565777261,0.0423402629746318,-0.0695515707481886,-0.224266877990054,-0.0104200327816942,-0.0247157802578687,-0.165374524256183,0.0573838330638822,0.0647465235248185,0.0748591580121228,-0.175726524533872,0.0150969858626033,-0.00942566185523519
"9","IFIT1",0.231609715451948,0.110166190511993,0.0632677683879792,0.00382079021650926,-0.219949197251891,0.180561397282278,0.0234463721690543,0.0728203151373021,0.000496368874274011,-0.0123091782388861,-0.155648436572635,-0.159794184617271,-0.0315301186751712,0.0782369813289427,-0.0611643584165206,0.0288410958042466,-0.0713030900057233,-0.167871563015651,-0.0255254606500339,-0.13405855039564,0.0642232640362468,-0.0646647853237421,0.140501177076788,0.117390500576876,-0.00907870558554988,0.168065384909864,0.211668296763904,0.00679951770322237,-0.0803632146694614,-0.0813737442637229,-0.358029201352276,-0.322562899034426,0.147620964324808,-0.182491970888851,-0.149744829014638,-0.0983221281488941,-0.0532644170067305,0.192892084333603,-0.0658003481166628,0.394550871471087,-0.283688236010962,-0.00265535589899645,-0.0429884931448715
"10","RSAD2",0.211150292955663,0.107598654667336,-0.107269049861463,-0.0529253294665954,-0.120040898103749,0.153904070160453,0.192357913416881,-0.198541289440278,-0.0667314917229586,0.0457550924364817,0.172309711032549,-0.153910793778089,-0.0446698345363957,-0.213202033161241,0.0295897666319692,-0.0124238531727219,-0.0139689292347456,0.315006804138851,0.0611706670170863,-0.0120294853862348,0.214255622382125,-0.132898569137687,0.0298308550622717,-0.0164158952456117,0.182376534207298,-0.0991493489306386,0.0240949048625415,-0.147420482056497,-0.00138088431809403,-0.0570746417437641,0.334541458996049,-0.232267066699786,0.298800103286578,0.0528418500611822,0.0305388412864549,0.1765219506312,-0.105494513081829,-0.0493063393056425,-0.274834035281486,0.126762703718838,0.260970529388803,0.0756525679019453,-0.0296852180090766
"11","OASL",0.199197943978658,0.0265061898154281,0.0325306505392712,-0.122204277504057,-0.183071207145959,-0.20746291695933,-0.177315504301179,-0.00880712422362437,0.0513959824922152,0.276414799307137,0.0945820647698039,0.248019777634539,-0.124520120622848,-0.406810787434594,0.0954294992732264,0.0625458527427984,-0.00704957663816698,-0.0689304466299471,-0.0763681377835116,-0.202733478758093,-0.191354405853619,0.245469738340965,0.176715650703721,0.0349693823627882,-0.103059837609734,0.222095854275133,-0.298293366898734,-0.0663909897973174,0.112841029226012,0.138325001709014,-0.0390356542693701,0.135977598893755,0.256669736669673,-0.099418450577195,-0.0610598208692566,-0.0108053839075783,0.0494020691631477,0.0943576550236104,-0.00968196745543262,0.0484195853961603,0.09938377266659,0.0392069386584434,-0.0307987075062096
"12","DDX60L",0.200917516893712,0.0829331296862132,-0.235901660755831,0.00764889257267884,0.0451438595732152,0.0701250710536428,0.109659290987147,-0.0720859989426948,0.0863093886618623,-0.0253278982039629,-0.065386790110204,0.032767507627609,0.143398043661076,0.0779391657827475,0.518671592046159,-0.198150704759251,0.213312596858815,0.00573378458795731,0.0008136393656712,0.0193737226062719,0.153029277150276,0.0808672241332208,0.106083457360472,0.0792132854354861,-0.210893800126802,0.0274471745178839,0.377862252433062,0.0692557363514748,0.0555805273457073,0.02523704345075,-0.0186290365390565,0.249114123684336,0.181889665947515,-0.101660497750635,0.148867467899228,-0.0642042568482373,0.00215362775728743,0.011168395794158,0.286648492670752,-0.0118614066506262,0.118553490757292,0.0725856291050005,0.0266541344088362
"13","GBP1",0.203998666229899,0.0467912657535085,0.0337906711190377,-0.00010495205815728,0.126709164043984,0.146142797458141,0.0944398786577979,-0.0941024394587237,-0.305442554628229,0.0494148926652851,-0.121241768121387,-0.0540310106777228,-0.199098918491771,-0.0540864946685218,-0.0490315925803848,0.0801026962917637,-0.142752366147183,0.159722912925247,-0.0243249776871328,-0.0277460991573766,-0.039834543221241,0.204420730313714,-0.162378745579352,-0.273143440981131,-0.0749625717176322,-0.066699122502242,0.0919450033711286,0.135299641349118,0.320089530101662,0.120368366295784,-0.159561614555433,0.176032687360001,-0.153376868813538,0.252207683417093,-0.235622036774607,-0.191457982855241,-0.262928058786535,-0.131594120903097,0.0834798459721124,0.19999055626326,0.0860289832393594,0.0924790114119083,-0.0680367458905761
"14","IFI44L",0.216999822611822,0.0699087729627517,0.00199569369279386,0.166651399747244,-0.17631400188502,-0.065809370982487,0.325353688126181,0.0840245296390175,-0.0200579650737722,0.0136652794133399,-0.0583868662697735,-0.0104940128556147,0.111668141830354,0.136323812702199,-0.121224437778516,0.0609469972067754,-0.0916625310131941,-0.0590653965931319,-0.00169707355522632,-0.0477164945101401,-0.0675532404534874,0.057310253401308,0.232754902952631,0.164420559904595,0.0522904557845179,-0.0986558366443317,0.0679950991756052,-0.100533054857583,-0.0360286864892638,0.0708008291845335,0.256004901792231,0.286871231533257,-0.0476259892171866,0.408320367140457,-0.178793214052133,-0.104868313434638,0.411069070548171,0.171519118088508,-0.0647004031437157,0.0134025450107634,-0.0647200596855909,-0.108874941211257,-0.054865625488108
"15","RPS8",0.0246181197174362,-0.298823415816313,-0.0130582138559743,-0.236172134561338,-0.0428852753813168,0.0120069587472218,0.155389683384936,-0.13096183673937,0.0271869232619615,0.0789559211221087,-0.370999791655568,-0.155389564598177,0.16502963242183,-0.108647962128677,0.0454284682920524,-0.0762307057304868,0.3661079709822,0.0376484957904683,0.0018121978059228,-0.199003652286975,0.157909518820389,-0.170415896467751,0.0526431172501488,-0.0121963054760887,0.155370243758596,-0.0340127796901429,-0.333691062363065,0.0335902898592297,-0.0351447850243975,0.112205811281136,-0.0758926238763088,0.136341706466218,-0.243107668734371,0.0429689625922577,0.150607737179671,-0.16214403100633,-0.0969791336639542,0.185923874827218,-0.12343628095998,0.0709486858435578,-0.0412498080341028,0.101976722144641,-0.0320574187301095
"16","YLPM1",0.0765564207239132,-0.116758735523998,-0.068567209857749,0.219008208053138,0.0637792235357419,-0.174712568614171,-0.0771367650047471,-0.0900716878392071,-0.0687721265739781,-0.0828378698917215,0.375421805162545,-0.246324762317192,-0.09713743742436,0.0394550451312874,0.177597003981045,-0.0226511044346441,-0.00640809891782338,-0.0135319261381626,0.0153411695039335,0.0787853328405052,0.0136238529785379,-0.0771690986043632,0.0946338772429357,0.50837646669228,-0.00780057207092887,-0.220583061214955,-0.20621585446213,-0.114959266253367,0.146142345969236,0.082070484124834,-0.0227469367317389,-0.0161656257104835,-0.117031958503934,-0.0924030638743698,-0.199879543996899,-0.259305286946748,-0.249127726472329,0.00861840272884933,0.0336271981854298,-0.0178001773681444,-0.107702679256591,0.0664132907187086,-0.0191604111340503
"17","OAS3",0.222345107933918,0.0340899864892453,0.0262997520951554,-0.0101448646691018,-0.206913719557812,-0.228527315027375,0.132001211489443,0.0487032719993773,-0.00757526824245103,0.0153201278217895,-0.0402103748587013,-0.089742315662326,-0.140334985110584,0.105426820858118,-0.0516480797645866,0.145987655569961,-0.113747931110832,-0.21084309627282,0.112275052217853,0.139124794238528,0.00646790078923598,0.104975076386803,-0.0111185237141275,-0.0412104776375633,0.0406360053482573,-0.0624074328581113,0.115909024918971,-0.235629413433487,0.116665343496279,0.0470666463087625,-0.110970012844574,-0.002275886695912,-0.310496827563867,-0.118546711995931,0.303957593171208,0.290331165558383,-0.232813297936303,0.326602744923012,0.0324216382751263,-0.110936037661611,0.289377754326971,-0.00656360981685178,0.137761937333175
"18","RPLP0",0.0537707640709516,-0.303120788580944,0.0110604074838443,-0.203152268317955,-0.104933207750865,-0.0857957012632162,-0.00165556826776444,-0.0554589809442841,0.221315531022002,-0.0878275683730412,0.0812005434374625,-0.0563953887515679,-0.111939592204504,-0.0547174559702931,0.155843907892334,0.193235543411905,-0.0394836667798952,0.177593848127151,-0.185600996984827,0.0312406356698748,0.127712244751742,0.0433734905158645,0.261383843728086,0.00621435038106,-0.0885134522462089,0.0708531615004185,0.120687521472154,0.0651232669032873,-0.253783795907022,0.0552275723593034,-0.0696296353825801,0.00794974285360819,-0.247848495367114,0.174983955111913,-0.258107697667531,0.439556924924137,-0.0610977854932889,-0.225847284681175,0.118186779276259,0.0415877024065427,-0.120412897964458,-0.0329933923857689,-0.0419082717025627
"19","SP110",0.160563241171011,-0.00251259281348113,-0.115826498899294,-0.0449391008663367,0.135478987861423,0.0197591687975228,-0.384985008108616,0.356836016763014,0.251080976509159,-0.22391774594065,-0.0784103989782298,-0.107220454888866,-0.0632944682531877,0.142944601664716,0.118828249960106,-0.0211929223369234,-0.0733993447562212,0.0472422514257517,-0.00722303460756901,-0.228625844563286,0.0925209884444145,-0.126002659122289,0.0896719040163134,-0.202383789153964,0.290784386592794,-0.0777173986872707,-0.0714166727302629,-0.293977924357927,0.285692438279668,0.0233821555177031,-0.111122569038589,-0.00788158151313838,0.122783171774688,0.207914694306998,-0.0166532729903199,0.020813731907189,0.0857179711205247,-0.0190501469894164,0.056237293546498,-0.0862186173691615,0.0363508089791958,0.0529094981682195,-0.0560071610306275
"20","CXCL11",0.179684735067556,0.0383263341194602,0.425448654525503,-0.0116001564844119,0.174116645671887,-0.00292205015121177,-0.261490760624573,-0.187772725366978,0.125475005949613,-0.0325525236915448,-0.0927375261507717,0.058324001785326,0.0399679580003068,-0.358858413985863,-0.104242756549314,-0.267177703583832,-0.00632898495827824,-0.00982910565335227,0.179737194727414,-0.0632328349570083,-0.133027237014913,-0.0885331358860124,0.0893232829528978,0.150594110894082,-0.0869735493419733,-0.349303759211258,0.312733768076455,-0.10102293573798,-0.0891435840934944,-0.0757540522565147,-0.108753196559272,0.060654247053273,-0.115884900088847,0.0922294621689815,0.0954794505989038,0.0192976486734862,0.0308763797430918,-0.0665495653288133,-0.108200794992388,0.00239681784980435,0.0222927335259024,-0.035764782182317,-0.0021165835612537
"21","RACK1",0.0821621414062065,-0.253553052122025,0.000355750368143475,-0.0285427845964376,0.0100585793854157,-0.0955319896403996,0.146483978261145,0.0551138560820174,0.221778882749832,0.0793470518438096,0.0855246023900313,0.046457940885252,-0.0948870619975618,-0.103976833689633,0.00207814319270561,-0.182231302138736,-0.0712007145775971,0.126378126951415,-0.0293825571115742,0.114769690434098,0.0298882034735315,0.0453033492123691,-0.0948693529051832,-0.167761126928476,-0.234604183135119,-0.0852142196787661,-0.0341639894720747,-0.082561697601593,0.151872422952595,0.130765101369081,0.14731066941174,-0.413278562491126,-0.0213077871567365,0.152096577207861,0.249849252684968,-0.224244282522226,0.107439244380228,0.0946249604849039,0.252562388405743,0.195024571100385,-0.209480033551929,-0.269707744016236,0.151937906355533
"22","EEF1A1",0.0678245048806967,-0.215136846492149,-0.016415704001702,0.033239264666965,0.0697298449427659,0.0574979003811933,0.0466617110843984,0.0540437254071875,-0.00916267734842004,-0.0348969676423105,-0.0373605967888293,0.00202882762936216,-0.152230055982461,-0.0662880687755784,-0.12505712879082,-0.0492354229325899,-0.116547467745512,-0.251913607733953,-0.0452216449235081,0.0718455171003573,0.0696943160051346,-0.0982254945050544,-0.0595014851715119,0.00584178523684123,-0.247064292709453,-0.00346560686058095,0.0186175808108102,0.023698267637117,-0.030023351929773,0.0864127691913022,0.108121910502988,-0.0411620618202459,0.129988764900083,0.117649050343556,0.0404112230968651,0.0842201724248273,0.103083302523177,0.0518317739096987,-0.0279021563338452,-0.110992515285175,-0.131642089149396,0.776281062800548,0.119500195170782
"23","HERC5",0.182737616915543,0.0474046932203516,-0.0684748946733956,0.0162596808825048,-0.10563015767027,0.252815784672357,0.122107159744861,-0.0594333876934386,0.201953404440197,-0.49190358869773,0.0166848346154554,0.178042364187986,0.158558978554295,-0.142747518902944,0.0298638927686062,0.368527413703766,0.0403992356427765,-0.045302191448121,0.298061003250165,0.0663814635794499,-0.133043933659844,0.180338626880055,-0.150342654488963,-0.0031171254665206,-0.0387919739816825,-0.132586887266216,-0.277545283205301,-0.0765276230317728,-0.189670028235156,-0.0615832610335045,-0.0923911626900874,-0.0195694283997455,0.0321140563898446,0.0211978205330312,0.0542253124168053,-0.105721577655463,-0.0390646600357966,-0.0954814612112056,0.130167535388962,0.0346583828450637,-0.0195248718301512,0.0589529654235982,0.0164153957279747
"24","LCP2",0.167058391715738,0.0101315052624122,-0.23821073263663,-0.183588149266166,0.362747036799631,-0.150203868369342,0.0408437568146614,0.105602143848661,-0.234718595395774,-0.0183204912491394,0.213404452623233,0.0265308962389566,0.0963170624114104,-0.211420692255611,0.0219912306221717,0.152582872527546,0.2011963770977,-0.129566986686492,0.12037520465525,-0.132589147750448,0.03275467241144,-0.129926211974733,-0.187659933207415,-0.111195920531417,-0.132826432143019,0.261048620209552,0.216618679554234,-0.296255634780898,-0.140141018359949,-0.0466242175914508,0.0284039590088213,-0.0771022678570678,-0.197070087768209,0.0185801549793569,-0.181159810693609,-0.0810460257737556,0.0638939461050164,0.095822384073728,-0.128433059149994,-0.0885147707272434,-0.0857492244307325,-0.0872727049191976,-0.010411366013396
"25","WDR78",0.0623661681611634,-0.1660762935683,-0.0206363985904049,0.38234810427883,-0.0384230861042887,-0.0362967568993391,-0.148471794202287,-0.292302093918848,-0.0741678159964124,-0.248746457811388,-0.228726577919573,0.0536942636142561,0.152791498742302,-0.105019346842154,0.0636563964807631,0.0656227288830387,-0.181012954919688,-0.0248235405935861,0.0151470624730718,-0.0992655182694683,-0.167312126835847,-0.259183562021358,0.0433585551098228,-0.0644256234366784,0.116095214900366,0.324178679285411,0.12247669817108,0.0799913695985495,0.0619114259705277,0.39158120412817,0.221492037341362,-0.14453329046235,-0.0580929215589524,-0.0889393178127806,-0.0291438924799479,0.0093043272150587,-0.0354267907068651,0.0134493312521149,0.0766915976892356,-0.0521172383920187,0.079347257725355,-0.0738714860561459,0.0238407956948013
"26","CBX5",0.0877975880074807,-0.140661214152045,-0.0771638500976798,0.34976516148628,0.0909226423431534,-0.0736448928162882,0.14250389082696,0.0403018215417629,0.0100297942762898,0.189770492338872,0.0625985517156092,0.0815053822712107,-0.408984120332752,0.0516549645573089,0.129947202713653,-0.0462014776208202,0.1777735261699,-0.0136881301921928,0.119645068007783,-0.199399725433714,-0.17291681326053,0.0628226280556836,-0.112482311556552,0.00307180307308633,0.356764596710071,0.00264648830124848,0.0711642811108148,0.122125984587603,-0.383993858050898,0.0450021023250241,-0.225287953198921,-0.0784816724255064,0.0994994934126199,0.194051027522764,0.145353704472882,-0.0196444039789927,-0.0194829907548876,-0.0949057356521561,-0.0182441383633957,-0.0532095401780971,0.0181642558920969,-0.00431134428293397,0.070432082550162
"27","RPS3A",0.0299367061986997,-0.265757832164921,0.00148914283992333,-0.0350676447334971,0.00302846884191269,0.470843433414365,-0.00115037789148703,-0.0433256230873139,-0.301300894714492,-0.0822740060813148,0.0510846172978965,0.281258378295124,-0.146929560467163,0.0796078698032106,0.0683829102046981,-0.222443913157958,0.113694401624672,-0.113249246062381,0.0251003664320225,0.258091179963177,-0.115853262815301,-0.0335894196712652,0.177693668325376,0.127850185711927,0.0056201806043189,0.211747258419412,-0.106621008906137,-0.225311180811586,0.199278699333549,-0.0719209089275572,-0.0951484454766329,0.0307668610071308,-0.006868844131172,0.163471194997239,0.0909551969068148,0.196547015328222,-0.00586307302068562,0.0122558622419739,-0.114506762656368,-0.0223590859966617,-0.0613569150035107,-0.179253360601339,-0.0399602214427375
"28","DIAPH2",0.0721299056758026,-0.121916407080271,-0.0427307032603957,0.334008031564305,-0.0459951655527919,-0.157112491757795,-0.245273871746,-0.0406856668661887,-0.414066462324385,-0.152455805324116,0.0129611737174067,-0.157526615560693,0.0537943743162991,-0.114081146847197,0.0556745851383489,0.0754119628246806,0.0671665249506678,0.0593612017906482,-0.133017895223913,0.0982451484335106,0.196417788479309,0.0590181318537253,0.184768475334497,-0.292416030402078,-0.188516118842043,-0.166501118844061,-0.156019362436175,0.100476463836753,-0.146350398449444,-0.267793239575596,-0.174547190927167,-0.0047815945235371,0.0651986313805748,0.0308257778593856,0.125269461565027,0.0281397834964059,0.243095860584419,0.138527003770323,-0.0189515074319926,0.0585406851998587,0.0769721819809293,-0.0631335778863683,0.0385062377558971
"29","ZNF91",0.0701908409826753,-0.16137714027023,-0.0337553217578995,0.264267347697324,-0.0289538973457227,-0.0613792600225934,0.0760217058134561,-0.00461043637931526,0.241196949552219,0.0438260714186592,-0.00527649076401353,0.0405966964564495,0.220745520832853,-0.00321116535199373,-0.116756297636514,-0.1177899568832,0.169000405642962,-0.0410005503129459,-0.477227136405583,0.225535175605272,-0.197970134921079,-0.0684459777632454,-0.267255216634866,-0.149099923875599,0.0209880719718391,-0.0582605510202808,0.0401497688480723,-0.340439145657167,-0.0596322081191262,-0.0552826911944768,-0.0961608950926461,0.161906791172297,0.122235372918509,-0.069966001157442,-0.192425438041195,0.0500522765825038,-0.157413288433231,-0.021715235311774,-0.078109379025068,0.191240808132761,0.096428655722879,0.0220528045230303,-0.0523931021206681
"30","DDX58",0.205050288473771,0.0471446955747842,-0.0162634325546127,0.109555179075669,-0.136141730985396,0.0869069269413425,-0.0902408386637621,-0.0575627705334941,0.139669674832919,0.0617448113262497,0.113425863433136,0.0486857923403389,0.0276099621171711,0.252364719663539,0.0576642897477019,-0.352367190370415,0.0752592447419757,0.297750128108811,0.25100995100545,0.0152158119666735,-0.107097267775232,0.168259648677587,-0.00807067471807795,-0.24288695619755,-0.088549921827919,0.0636764812078359,-0.11221500788712,0.0222635124897131,-0.0460426177370163,0.0274231069897752,-0.00386405705967208,-0.114390882785546,-0.338823565456173,-0.23966514758544,-0.265878086553071,0.019965281156743,0.200869812391487,0.0906803333322297,-0.194787215423022,-0.0931241032553868,0.00345124951054592,0.19882914574609,-0.00357590257844196
"31","RPL4",0.0567142811228824,-0.244004464791516,-0.0107478030495691,0.0592724817212478,0.0507386678948791,0.146215208827392,-0.0351976859743223,0.0701981540966327,0.201562529245637,-0.175138311964161,0.156863520668021,0.0320650501942317,-0.201568765103076,0.0849431145761161,-0.105093566131235,0.0732337896423942,-0.061396981512477,-0.153598114506556,-0.0579844401301517,-0.184298998758054,0.307771387060708,0.0831537108664973,-0.121132634226867,0.0345746218071166,-0.185043508083287,-0.0110810276153094,0.0693590100810667,0.159518114933313,0.0360941706917304,0.192502703493516,0.0477762163892877,0.234066014106158,-0.0257943845010489,-0.21847349139209,0.118013010746035,-0.0997335665096175,0.103155824482946,-0.0883439098110646,-0.455951114274783,0.13852833909482,0.18587909766724,-0.21842984037732,-0.00132248173396068
"32","RPS17",0.042125326828,-0.255573194448115,-0.010803364756378,-0.0384050733873692,0.0264161517292166,0.211165558144937,-0.00728816351522722,0.155322670645669,-0.0897899446751257,0.378519938358547,0.188805304809703,-0.210639905813071,0.490222823313802,-0.00896011606678744,0.148618085044585,-0.00362975126474538,-0.343775904652838,-0.215767111014446,0.204418191445355,0.0196370932106304,-0.0659262553072409,0.050450625828341,0.0163225610494558,-0.128288949370871,0.0443029107432541,-0.149839235992571,-0.0338232980197773,0.0334845321288642,-0.117021881655306,0.215357600884493,-0.128200538126487,0.00483050670091324,0.083015208591676,-0.0047332147099839,0.0212401769934503,0.0733065267401793,-0.0274137094724594,-0.122472020821429,-0.0209762250278213,-0.0247211363769306,0.0289094702571031,-0.0569113251806138,-0.0253161643083275
"33","RPL13A",0.0263494898933017,-0.320632405002839,0.00247518366883511,-0.267536672680755,-0.0998311367793282,-0.0131712810996468,-0.194126832217275,-0.0452019701714514,-0.166476445440127,0.0206432253112903,-0.057875794849947,-0.111268462464733,-0.190455447619352,0.223163524078229,0.0830763368614774,0.159421404726982,0.085327237366516,0.0228369769942172,0.154035586568721,-0.068298253462327,-0.375570222680942,-0.12547717609972,-0.211364317370315,0.0285078408169043,0.00294125922304672,-0.208502081040853,0.10567223119178,-0.0159056610206588,-0.0249053143321465,-0.126152850279681,0.262078139361095,0.11160721091419,0.107680623325744,-0.19712477476187,-0.0709165016238804,0.0544754081229403,0.197902976671377,0.0763880026730612,0.171841854407557,0.290082714120832,0.066117034527222,0.00355592183861871,-0.0147897947591632
"34","RPL15",0.0448151737708782,-0.247532343107903,-0.0135860675083949,-0.0483180806832619,-0.0195032432086455,0.0368527403800488,0.144161352635732,-0.0549852244339526,-0.109890785055397,-0.0128961293313939,-0.213800955572548,-0.0450679700616268,0.00226692305128961,0.00239472846046965,-0.264225734287997,0.0139869410379226,0.204700524567319,-0.0197360987509427,-0.0624781127651838,-0.137433689277308,0.0763360311131379,0.287478368139158,0.0561699697079894,0.0889611876213086,-0.0218804919364345,-0.209324559848982,0.0971096164063401,-0.106675273946073,0.118530057111785,0.079699284888368,-0.0894626449178671,-0.285038681121998,0.193554416349332,-0.209608252602407,-0.250349834679352,-0.0147231939785849,0.112635339611098,-0.149212975162348,0.124754437347131,-0.465453233499207,0.127665295583371,-0.104929677299162,-0.0225348374687669
"35","IFITM1",0.18020500275811,-0.0314005437949125,0.0519281765985981,-0.257479313136835,-0.168434635390621,-0.391731234972453,0.0744223726153345,0.1008963866886,-0.204086364258272,-0.266883061291209,0.226694011600129,0.277330208435538,0.218412013404211,0.204310134606006,-0.146101667912838,-0.136703238015423,0.114688929551667,0.089163146263237,0.027838844678442,0.0359446951395323,-0.0742117494160662,-0.189741838029637,0.00875546990842487,-0.0221535683467174,0.0484017076705219,-0.0721656100626753,0.0613394025818835,0.261752175458728,0.0866102710581667,0.217099543844233,-0.205285070663605,-0.0405547753581784,0.184445616892105,0.0796767932365743,0.0686521712384866,0.012710707638275,-0.0705878461539198,-0.128853227808443,-0.120231604151112,0.0391369314304629,-0.0083921962619567,0.0499330502179579,0.021694308972716
"36","MX1",0.196502576539632,-0.0261019687580662,-0.0210365507819507,0.0437220582287447,-0.202758101097225,-0.119877728464432,0.053233356422668,-0.0746863451890596,-0.105034497390051,0.127224601461479,-0.107747836110965,0.0383561321751226,0.0177605715544814,-0.0400719097541794,0.117027449793877,0.118683235584245,-0.163126603082097,0.0906959842968321,-0.0835368502805059,0.00582847862223518,0.0593178066827068,-0.0236414251886471,-0.14640795449028,0.0308730833021566,0.151993758226573,0.0486466290679102,0.0506437733344836,-0.175672338196154,0.185305297191644,-0.201622085539311,-0.033275518213308,0.108056741976834,-0.140438900554571,-0.222044056328112,0.264782984563322,-0.0647797649841109,0.206283074264438,-0.49614136110582,-0.121469151988682,-0.0955720704694968,-0.383945326061302,0.0673453743391374,0.0399327967790882
"37","SH3BGRL",0.0828351827137522,-0.170231511598203,0.0339164818680427,0.148362510387336,0.0523609060648876,-0.0355864061971851,0.0746911440877322,0.173284009090614,0.174056699695826,-0.00398742773890221,0.146508624990925,-0.141538528471967,0.0842518842754707,-0.187624244777182,-0.163657816062681,0.0361332167579328,0.285344448001266,-0.195050974143408,0.194423772828361,0.0774272220954459,-0.0974831720264361,0.0898715473334101,0.251378620756267,-0.138464385399601,0.204537105734442,0.129079309144876,0.112010269934718,0.324186816313372,0.343810299466542,-0.339837412446082,0.208109127863679,0.0237929848634828,-0.0462659307677586,-0.0695691197649076,-0.0379422447322649,0.0353887982893323,-0.0969962424470718,-0.0958018645127765,0.0312021822357092,0.0843560859171968,-0.0524159881319506,0.0418846431427331,0.0376462066402157
"38","TNFSF10",0.15500082206199,-0.0289848198725186,0.07137789127259,-0.0485905973893953,-0.10080216577383,0.156585080107493,-0.299372631162006,-0.0308117956178344,0.101529082828509,0.107239284727591,0.115511946600523,-0.313020589566195,0.0814440465302969,0.0392081710347056,-0.148618495845919,0.262610568401138,0.201105023019438,0.284577814513712,-0.0997720777074877,0.229853940184903,-0.122934081165565,0.0884071878454072,-0.168353740415275,0.163131796820289,-0.0377994561531907,0.253558682505988,0.161118368550519,0.111015932207017,0.0131618304969382,0.109484581196348,-0.0696532526119562,0.0178303144555123,0.0856974136938168,0.21617628934612,0.22791731601644,-0.139011451472102,0.0314539628170149,0.148897243544032,-0.0786718311992249,-0.25985667334596,-0.037376840045694,0.0123152099433374,-0.0535476353991912
"39","IFI44",0.170986648621811,0.0371524701991391,-0.0518678620562016,0.168411214011035,-0.102963234813709,0.203414960128895,-0.0782614396318434,0.0470231700850899,0.0215701203246428,0.247432638926575,0.102070445395977,0.312770307017883,0.160046673080184,0.0797709047633255,-0.00990784016609918,0.174217873881639,0.0845159145210667,-0.00976829446759751,-0.187631503593112,-0.377683386385097,0.0440135974592898,-0.272129149103138,-0.159326802802728,0.154233936377085,-0.181498881876279,-0.180600065921741,-0.065695147398582,0.209113427488206,0.166175130024829,-0.209592205709288,0.021920569894838,-0.163652400405346,-0.200409954756319,0.123445808862078,0.00217824040257909,0.175807920700064,-0.062107872400897,0.0664038383242974,0.126752404208382,-0.0761945561005277,0.0763680231915658,-0.0150654418327315,0.0219089676198549
"40","TRIM38",0.162652186156813,-0.0134332872688615,-0.123791877257048,0.0167189913404426,0.117323496417798,-0.100183839549592,0.0274541618999714,0.109903659180774,0.0766422384011673,0.0891079668270637,-0.197364804405171,-0.024645767410432,-0.0321515144136068,-0.171452190076929,-0.0875161022592417,-0.0825239642862263,-0.0894540704078408,0.0468686151357416,0.200137585171747,0.344891722972017,0.186473364167736,-0.201461571280287,-0.260529264224219,0.3027631778722,0.0600657363668071,0.151549078031262,-0.164074766076055,0.182927230594683,0.0691790396148395,-0.0210013743180429,-0.226834742572474,0.000789775856783085,-0.0137507107097658,-0.0108864507669182,-0.173846964579185,0.141025572754594,0.321588235626654,-0.0615951384858727,0.142783675503337,0.116853054282527,0.277040244431322,-0.0730878970689007,-0.0366378217973987
"41","RPL13",0.0573119167481414,-0.311836306667069,-0.00922989576604525,-0.155342063616006,-0.0567988362183474,-0.0348539960255156,-0.0122371157489377,-0.0453753876847993,0.0827663704863505,0.0119113572781116,-0.0111121593921077,0.288123875030103,-0.00350290752105943,0.00682355020329697,0.0600045825709404,0.00370400830011432,-0.380837060415817,0.0773890327307934,-0.0370322838897721,0.116590411847789,0.097237500864342,-0.0540663621942983,0.0577859371671005,-0.0344798232545816,0.172146223653691,0.0542368055357954,0.128857426138351,0.0913925342542906,-0.125371050125945,-0.408147203753728,2.25473212426344e-05,0.0176405878082471,0.0295744028245395,0.00600045683993361,-0.123856538790679,-0.416143447547318,-0.149014551467036,0.233499758076845,-0.0413903039082741,-0.234128904816549,0.165379592993669,0.0200187851596929,-0.0364115173539377
"42","SERBP1",0.0746051141137382,-0.172608465638947,0.000122002659299358,0.104490633272708,0.028701888911712,-0.0783922265512232,-0.0657349461692955,0.0470690636010104,-0.106780905167617,-0.0772118708650175,0.0196066275640463,-0.0432726326451232,0.158284824919533,0.0972605725851354,-0.332058191318618,-0.257999659250172,-0.139990779639764,0.21779456748733,0.162848974326263,-0.320989110381344,0.168734638670969,0.246241997136768,-0.137238524975173,0.180759957470442,-0.0565830105979651,0.266682992585463,-0.0633213719487187,-0.144836040177083,-0.134751269497753,-0.16306809685762,0.103091723338493,0.197533831018102,0.0866742547558007,0.0251033004095367,0.122386726971171,0.149244481868491,-0.229392563416858,0.00930662603176016,0.251178583822851,0.100003750308333,-0.0806293733903171,0.00453895060530613,-0.0251750151939281
"43","NABP1",0.139489012836047,0.0623734928029508,-0.436040879978576,-0.0933270942719879,0.300663394702183,-0.0435268803915647,-0.168115498794808,-0.474922437552273,0.130427556669358,0.192217021311014,0.00651226849404449,0.11169473351945,0.0278449813593904,0.258087610416193,-0.350723556478533,0.107181567892692,-0.0406621717248912,-0.103550126009465,0.00206715892588557,0.0835556526402184,-0.0111484519380677,0.0363154240242799,0.284238379274954,-0.0335454637156621,0.0582858368436024,-0.0674078101888469,-0.0452628303356941,-0.00947563361285491,-0.0302059925050613,0.0091968106444766,-0.0505720836539148,-0.0156125815765762,0.00394475481587913,0.00237962018279819,0.116870466352329,-0.0154533614295759,0.029988506012564,-0.072026555091287,0.0289837420908315,0.148984168141618,-0.0346825092423959,0.0157723450541061,0.0474746551372866
